       0            1    0.0120479 5.53374e-007 5.93628e+011      2.59443
     2.5            1    0.0165721 1.02198e-006  4.3157e+011      2.53539
       5            1    0.0229705 1.90534e-006 3.11356e+011      2.46318
     7.5            1    0.0321318 3.59215e-006 2.22583e+011      2.37606
      10            1    0.0454352 6.86173e-006 1.57411e+011      2.27263
    12.5            1    0.0706881 1.57097e-005 1.01177e+011      2.15214
      15            1     0.111247 3.63833e-005 6.42894e+010      2.01482
    17.5            1     0.177352 8.53594e-005 4.03265e+010      1.86211
      20            1     0.286766  0.000203121 2.49402e+010      1.69684
    22.5            1     0.473906  0.000497359 1.50916e+010      1.52316
      25            1     0.795547   0.00123723 8.99002e+009      1.34615
    27.5            1      1.35664   0.00312685 5.27183e+009      1.17131
      30            1      2.34906   0.00802506 3.04459e+009      1.00385
    32.5            1      3.97601    0.0194011 1.79875e+009     0.848113
      35            1      6.82186    0.0475688 1.04834e+009     0.707209
    37.5            1      11.8477     0.118112 6.03603e+008      0.58285
      40      1.00001      20.7954     0.296526 3.43852e+008     0.475476
    42.5      1.00002      35.0692     0.681262 2.03863e+008     0.384509
      45      1.00006      59.5797      1.57715 1.19957e+008     0.308671
    47.5      1.00013      101.831      3.67392 7.01427e+007      0.24629
      50       1.0003      174.856      8.59986 4.08035e+007     0.195541
    52.5       1.0007      296.783      19.6058 2.39937e+007     0.154626
      55      1.00159      504.872      44.8257 1.40551e+007     0.121879
    57.5      1.00365      859.206      102.594 8.20691e+006    0.0958212
      60      1.00835      1458.82      234.428 4.77913e+006    0.0751834
    62.5      1.02194      2634.72      615.087 2.57418e+006    0.0588993
      65      1.05641      4642.87       1579.6 1.38057e+006    0.0460893
    67.5      1.13836      7776.39      3869.97       737091    0.0360369
      70      1.31142      11898.7      8699.98       391621    0.0281653
    72.5      1.67295      15751.9      18775.2       187492     0.022013
      75      2.16217      16668.7      32375.7      89809.9    0.0172139
    77.5      2.71241        15057      47607.3      43074.6    0.0134787
      80      3.32272      12537.9      64353.6      20709.9    0.0105799
    82.5      4.03432      10142.3      83606.5      10032.6   0.00833996
      85      4.92064      8188.73       106365      4894.17   0.00662059
    87.5      6.11182      6815.42       133079      2414.51    0.0053153
      90       7.9547      6172.44       163263      1212.27   0.00434288
    92.5      11.2758      6616.02       194935      651.249   0.00364262
      95      18.6846      8358.56       224169       362.77    0.0031706
    97.5      36.8194        11971       245399      211.971   0.00289688
     100      81.3119      18011.4       253200      131.111   0.00280348
   102.5      135.273      23317.2       253313      103.938   0.00279612
     105      229.607      30439.8       252948      81.9458   0.00278694
   107.5       393.52      39851.8       251669      64.2984   0.00277549
     110      675.244      52035.8       248734      50.2336   0.00276128
   112.5      1150.27      67311.6       242946      39.0874   0.00274373
     115      1925.56      85468.5       232577      30.2967   0.00272216
   117.5      3125.68       105172       215581      23.3927   0.00269578
     120       4840.3       123425       190469      17.9898   0.00266349
   122.5      6555.14       134470       165875      14.8128   0.00262369
     125       8499.9       140264       138285      12.1092   0.00257376
   127.5      10549.8       140043       110336       9.8142   0.00250954
     130      12603.5       134585      84731.1      7.86586   0.00242487
   132.5      14649.9       125846      63305.9      6.20983   0.00231185
     135      16798.9       116089      46658.8      4.80436   0.00216274
   137.5      19273.2       107148      34406.5       3.6231   0.00197363
     140        22381       100102      25680.1      2.65281   0.00174892
   142.5      26272.3       104122      23514.6      2.07335   0.00150281
     145      31618.2       111038      22073.8      1.57642    0.0012557
   147.5      38784.3       120693      21119.3      1.17418   0.00102689
     150        48109       132663        20432     0.864451  0.000828837
   152.5      59863.7       146281      19828.5     0.634701  0.000665848
     155      74217.3       160707      19171.3     0.468292  0.000536222
   157.5      91209.1       175017      18373.2     0.349197  0.000435213
     160       110733       188293      17394.1     0.264188  0.000357287
   162.5       131398       205386      17174.8     0.209223   0.00029733
     165       153558       220640      16697.1     0.168557  0.000251104
   167.5       176680       233366      15977.4     0.138152  0.000215286
     170       200175       243055        15051     0.115139  0.000187353
   172.5       223440       249407      13964.6    0.0974932  0.000165416
     175       245893       252322      12770.3    0.0837795  0.000148071
   177.5       267008       251884      11519.5    0.0729791  0.000134271
     180       286337       248330        10259    0.0643617  0.000123236
   182.5       301594       242445      9060.61    0.0577648  0.000114377
     185       314198       234122      7909.86    0.0523781  0.000107249
   187.5       324040       223816      6831.27    0.0479288  0.000101511
     190       331110       211996      5841.22    0.0442129 9.68995e-005
   192.5       335487       199114      4948.89    0.0410761 9.32076e-005
     195       337320       185587      4157.48    0.0384007 9.02715e-005
   197.5       336814       171784      3465.51    0.0360956 8.79597e-005
     200       334210       158019      2868.11      0.03409 8.61645e-005
   202.5       341179       152218      2609.64     0.032624 8.46028e-005
     205       348357       146659      2374.95    0.0312488 8.30538e-005
   207.5       355747       141329      2161.78    0.0299585  8.1519e-005
     210       363350       136216      1968.09    0.0287478 7.99999e-005
   212.5       371165       131308      1792.04    0.0276118 7.84981e-005
     215       379191       126594      1631.95    0.0265457 7.70156e-005
   217.5       387425       122062      1486.33    0.0255451 7.55542e-005
     220       395861       117701      1353.81     0.024606 7.41159e-005
   222.5       404492       115177      1269.91    0.0238931 7.27026e-005
     225       413310       112708      1191.21     0.023216 7.13163e-005
   227.5       422306       110289      1117.37     0.022573 6.99587e-005
     230       431468       107917      1048.05    0.0219626 6.86315e-005
   232.5       440784       105586      982.941     0.021383 6.73363e-005
     235       450240       103292      921.763    0.0208327 6.60745e-005
   237.5       459819       101033      864.256    0.0203102 6.48473e-005
     240       469506        98804      810.182    0.0198142 6.36558e-005
   242.5       479284      96951.2      764.822    0.0193724  6.2501e-005
     245       489133      95108.8      721.817     0.018952 6.13836e-005
   247.5       499035      93274.8      681.035     0.018552 6.03042e-005
     250       508970      91447.3      642.355    0.0181712 5.92632e-005
   252.5       518917      89624.9      605.664    0.0178087 5.82609e-005
     255       528856      87806.5      570.857    0.0174636 5.72974e-005
   257.5       538766      85991.2       537.84     0.017135 5.63728e-005
     260       548625      84178.5      506.521     0.016822  5.5487e-005
   262.5       558412      82267.3      475.641    0.0165384 5.46396e-005
     265       568106      80362.9      446.437     0.016269 5.38305e-005
   267.5       577686      78465.3      418.826     0.016013 5.30593e-005
     270       587131      76575.1      392.729    0.0157696 5.23255e-005
   272.5       596421      74692.8       368.07    0.0155381 5.16285e-005
     275       605536      72819.1       344.78    0.0153179 5.09679e-005
   277.5       614457      70955.1      322.792    0.0151083  5.0343e-005
     280       623164      69101.7      302.042    0.0149087 4.97532e-005
   282.5       631640      67943.2      288.273    0.0147495 4.91978e-005
     285       639869      66766.8      274.978    0.0145971 4.86763e-005
   287.5       647833      65573.8      262.147    0.0144511 4.81878e-005
     290       655518      64365.6      249.773    0.0143113 4.77317e-005
   292.5       662909      63143.5      237.846    0.0141774 4.73073e-005
     295       669992      61909.1      226.358    0.0140491  4.6914e-005
   297.5       676757        60664      215.301    0.0139262 4.65511e-005
     300       683191      59409.8      204.666    0.0138084 4.62179e-005
   302.5       689284      57677.7       191.28    0.0136907 4.59139e-005
     305       695027      55964.4      178.668    0.0135786 4.56383e-005
   307.5       700412      54271.4      166.792    0.0134719 4.53906e-005
     310       705433        52600      155.616    0.0133702 4.51703e-005
   312.5       710082      50951.8      145.108    0.0132734 4.49767e-005
     315       714356      49327.9      135.233    0.0131811 4.48094e-005
   317.5       718251      47729.6       125.96    0.0130932 4.46678e-005
     320       721764        46158      117.258    0.0130093 4.45515e-005
   322.5       724892      44840.3      110.218    0.0129412 4.44601e-005
     325       727637      43536.8      103.545    0.0128762 4.43931e-005
   327.5       729996      42248.7      97.2231    0.0128144 4.43501e-005
     330       731972      40977.3      91.2392    0.0127556 4.43309e-005
   332.5       733567      39723.7      85.5787    0.0126996 4.43349e-005
     335       734783      38488.7       80.228    0.0126463  4.4362e-005
   337.5       735623      37273.4      75.1735    0.0125956 4.44119e-005
     340       736092      36078.6      70.4021    0.0125474 4.44842e-005
   342.5       736195      34930.8      65.9986    0.0125102 4.45789e-005
     345       735937      33803.4      61.8406    0.0124752 4.46956e-005
   347.5       735324      32696.8      57.9164    0.0124424 4.48341e-005
 350.002       734363      31611.3      54.2144    0.0124116 4.49946e-005
 352.505       733178      30552.3      50.7317    0.0123822 4.51694e-005
  355.01       731892      29524.3      47.4639    0.0123539 4.53514e-005
 357.517       730506      28526.6      44.3981    0.0123264 4.55405e-005
 360.027       729021      27558.9      41.5241    0.0122999 4.57369e-005
 362.539       727439      26670.9      38.9799    0.0122775 4.59405e-005
 365.054       725760      25807.5      36.5843    0.0122559 4.61513e-005
 367.572       723988        24968      34.3288     0.012235 4.63696e-005
 370.093       722123      24152.1      32.2057    0.0122148 4.65952e-005
 372.618       720166        23359      30.2075    0.0121952 4.68282e-005
 375.145       718119      22588.4      28.3272    0.0121762 4.70688e-005
 377.677       715984      21839.7      26.5582    0.0121578  4.7317e-005
 380.212       713761      21118.6      24.9092    0.0121403 4.75729e-005
 382.751       711453      20484.4      23.5134     0.012127 4.78365e-005
 385.294       709059      19866.1       22.191    0.0121142 4.81079e-005
 387.841       706583      19263.4      20.9385    0.0121018 4.83873e-005
 390.393       704025      18675.8      19.7523    0.0120899 4.86747e-005
 392.949       701387      18103.2      18.6292    0.0120785 4.89702e-005
 395.511       698670      17545.2       17.566    0.0120675 4.92739e-005
 398.077       695875      17001.6      16.5596    0.0120568  4.9586e-005
 400.648       693004      16462.8      15.5891    0.0120474 4.99066e-005
 403.225       690058      15911.7      14.6212    0.0120406 5.02357e-005
 405.807       687038      15376.4        13.71    0.0120342 5.05735e-005
 408.395       683946      14856.5      12.8522    0.0120281 5.09202e-005
 410.989       680784      14351.7       12.045    0.0120224 5.12759e-005
 413.589       677551      13861.6      11.2855    0.0120171 5.16408e-005
 416.195       674250      13385.8       10.571     0.012012 5.20149e-005
 418.807       670883        12924      9.89916    0.0120073 5.23984e-005
 421.426       667449      12198.7      8.84597    0.0119846 5.27916e-005
 424.051       663952      11297.6      7.59904    0.0119469 5.31946e-005
 426.684       660391      10461.5      6.52448    0.0119092 5.36075e-005
 429.323       656768      9685.93      5.59889    0.0118713 5.40306e-005
  431.97       653086      8966.65      4.80199    0.0118329  5.4464e-005
 434.625       649344      8299.73      4.11621    0.0117939 5.49079e-005
 437.287       645544      7681.51      3.52634    0.0117539 5.53626e-005
 439.956       641687      7108.58      3.01922    0.0117128 5.58283e-005
 442.634       637775      7131.84      3.06727    0.0117441 5.63051e-005
  445.32       633810      7164.26      3.12482     0.011777 5.67934e-005
 448.014       629791      7196.29       3.1833    0.0118102 5.72933e-005
 450.717       625721      7227.93      3.24273    0.0118438 5.78051e-005
 453.429       621601      7259.18      3.30313    0.0118776  5.8329e-005
  456.15       617432      7290.04      3.36451    0.0119118 5.88654e-005
  458.88       613215      7320.51      3.42691    0.0119463 5.94145e-005
 461.619       608951      7168.45      3.31095    0.0119594 5.99765e-005
 464.368       604643      6897.27      3.08315    0.0119576 6.05518e-005
 467.126       600291      6634.96      2.87001    0.0119558 6.11407e-005
 469.895       595895      6381.26      2.67064    0.0119541 6.17434e-005
 472.674       591459      6135.96      2.48421    0.0119523 6.23604e-005
 475.463       586982      5898.81      2.30994    0.0119507 6.29919e-005
 478.263       582466      5669.59      2.14709     0.011949 6.36383e-005
 481.073       577912      5456.69      2.00165    0.0119487    6.43e-005
 483.895       573322      5264.07      1.87556     0.011951 6.49773e-005
 486.728       568696      5077.15      1.75678    0.0119532 6.56706e-005
 489.572       564036      4895.78      1.64493    0.0119556 6.63804e-005
 492.428       559343      4719.84      1.53963     0.011958  6.7107e-005
 495.296       554618      4549.19      1.44054    0.0119604 6.78509e-005
 498.177       549862      4383.71      1.34732    0.0119628 6.86124e-005
  501.07       545078       4216.1      1.25505    0.0119636 6.93922e-005
 503.975       540264      4042.17      1.16134    0.0119614 7.01906e-005
 506.893       535424      3874.47      1.07415     0.011959 7.10082e-005
 509.825       530558      3712.81     0.993059    0.0119565 7.18454e-005
  512.77       525667      3557.02     0.917667    0.0119538 7.27028e-005
 515.728       520752      3406.92     0.847603    0.0119509  7.3581e-005
 518.701       515815      3262.33     0.782517    0.0119478 7.44805e-005
 521.687       510856      3130.02     0.725573     0.011947 7.54019e-005
 524.689       505878      3007.44     0.674977     0.011948 7.63459e-005
 527.704       500880      2888.94     0.627626    0.0119489  7.7313e-005
 530.735       495864      2774.38     0.583329    0.0119497  7.8304e-005
 533.781       490831      2663.67     0.541905    0.0119504 7.93195e-005
 536.843       485783       2556.7     0.503185    0.0119509 8.03602e-005
 539.921       480720      2453.37     0.467006    0.0119513 8.14269e-005
 543.015       475643      2353.52     0.433195    0.0119515 8.25203e-005
 546.125       470554      2257.13     0.401632    0.0119515 8.36413e-005
 549.252       465453      2164.07     0.372181    0.0119513 8.47906e-005
 552.396       460342      2074.28     0.344711    0.0119509 8.59692e-005
 555.558       455222      1987.65     0.319103    0.0119502 8.71779e-005
 558.737       450093      1904.08      0.29524    0.0119494 8.84176e-005
 561.934       444958       1823.5     0.273013    0.0119483 8.96895e-005
  565.15       439816      1745.82     0.252322    0.0119469 9.09943e-005
 568.384       434669      1670.95     0.233068    0.0119453 9.23332e-005
 571.638       429518      1598.81     0.215161    0.0119434 9.37073e-005
 574.911       424364      1529.32     0.198514    0.0119411 9.51177e-005
 578.204       419208       1462.4     0.183048    0.0119386 9.65656e-005
 581.517       414051      1397.96     0.168685    0.0119357 9.80522e-005
  584.85       408893      1335.95     0.155355    0.0119324 9.95789e-005
 588.205       403737      1276.27     0.142988    0.0119288  0.000101147
 591.581       398583      1218.87     0.131523    0.0119248  0.000102758
 594.978       393431      1163.66     0.120899    0.0119203  0.000104412
 598.398       388284      1110.59      0.11106    0.0119155  0.000106113
  601.84       383141      1060.08     0.102066     0.011911  0.000107861
 605.306       378004      1011.93    0.0938263    0.0119069  0.000109658
 608.795       372873      965.644    0.0861935    0.0119023  0.000111505
 612.308       367750      921.148    0.0791268    0.0118973  0.000113405
 615.845       362636      878.389    0.0725881    0.0118918  0.000115359
 619.407       357531      837.314    0.0665418    0.0118858   0.00011737
 622.994       352436      797.869    0.0609543    0.0118793  0.000119438
 626.607       347353          760    0.0557941    0.0118723  0.000121568
 630.247       342282      723.656    0.0510317    0.0118648   0.00012376
 633.914       337224      688.788    0.0466393    0.0118567  0.000126017
 637.607       332179      655.346     0.042591     0.011848  0.000128341
 641.329       327150      623.283    0.0388623    0.0118386  0.000130736
 645.079       322136      592.553    0.0354306    0.0118287  0.000133204
 648.859       317138      563.111    0.0322743    0.0118181  0.000135747
 652.668       312158      534.913    0.0293737    0.0118068  0.000138368
 656.507       307196      507.915    0.0267099    0.0117947  0.000141072
 660.377       302252      482.076    0.0242656     0.011782   0.00014386
 664.279       297329      457.356    0.0220244    0.0117684  0.000146737
 668.213       292426      433.715    0.0199712    0.0117541  0.000149705
  672.18       287544      411.114    0.0180916    0.0117389  0.000152769
  676.18       282684      389.515    0.0163725    0.0117229  0.000155934
 680.214       277847      368.883    0.0148015     0.011706  0.000159202
 684.284       273034      349.182    0.0133672    0.0116881  0.000162578
 688.389       268245      330.378    0.0120587    0.0116693  0.000166067
  692.53       263481      312.437    0.0108663    0.0116495  0.000169674
 696.709       258743      295.327   0.00978065    0.0116287  0.000173404
 700.926       254032      279.102   0.00880039    0.0116078  0.000177262
 705.182       249348      263.927   0.00793248    0.0115891  0.000181254
 709.478       244692      249.449   0.00714173    0.0115695  0.000185386
 713.814       240065      235.643   0.00642199    0.0115489  0.000189665
 718.192       235467      222.483   0.00576757    0.0115273  0.000194097
 722.613       230899      209.944   0.00517318    0.0115046  0.000198689
 727.077       226361      198.003   0.00463389    0.0114808  0.000203449
 731.585       221856      186.637   0.00414514    0.0114559  0.000208384
 736.139       217382      175.823   0.00370272    0.0114298  0.000213504
  740.74       212941       165.54    0.0033027    0.0114025  0.000218817
 745.389       208533      155.766   0.00294146    0.0113739  0.000224332
 750.086       204159       146.48   0.00261566     0.011344   0.00023006
 754.833       199820      137.664   0.00232219    0.0113128  0.000236011
 759.632       195516      129.297    0.0020582    0.0112801  0.000242197
 764.483       191248      121.361   0.00182106    0.0112461  0.000248629
 769.388       187016      113.838   0.00160834    0.0112105  0.000255321
 774.348       182821      106.711    0.0014178    0.0111735  0.000262285
 779.365       178663      99.9617    0.0012474    0.0111348  0.000269538
  784.44       174544      93.5748   0.00109524    0.0110945  0.000277093
 789.574       170463      87.5342  0.000959595    0.0110525  0.000284968
  794.77       166421      81.8244  0.000838877    0.0110088   0.00029318
 800.028       162419      76.4309  0.000731635    0.0109633  0.000301748
  805.35       158457      71.3478  0.000636811    0.0109165  0.000310692
 810.739       154536      66.5516  0.000552853    0.0108678  0.000320034
 816.195       150656       62.029  0.000478663    0.0108172  0.000329797
 821.722       146818      57.7672  0.000413239    0.0107646  0.000340006
  827.32       143022       53.754  0.000355672    0.0107099  0.000350686
 832.992       139269      49.9774  0.000305132     0.010653  0.000361868
  838.74       135559      46.4262  0.000260867     0.010594  0.000373582
 844.566       131892      43.0893  0.000222193    0.0105327   0.00038586
 850.472       128269      39.9561  0.000188496    0.0104691  0.000398738
 856.462       124691      37.0165  0.000159216    0.0104031  0.000412255
 862.536       121158      34.2606  0.000133849    0.0103346  0.000426452
 868.699       117670       31.679  0.000111941    0.0102636  0.000441375
 874.952       114228      29.2628 9.30829e-005    0.0101899  0.000457071
 881.299       110832      27.0031 7.69086e-005    0.0101136  0.000473594
 887.742       107483      24.8918 6.30901e-005    0.0100346  0.000490999
 894.285       104180      22.9208 5.13326e-005   0.00995273   0.00050935
 900.931       100925      21.0867 4.14287e-005   0.00986936  0.000528714
 907.683      97717.3      19.4012 3.33646e-005   0.00979177  0.000549163
 914.545      94557.7      17.8291 2.65636e-005   0.00971149  0.000570778
  921.52      91446.5      16.3644 2.08574e-005   0.00962845  0.000593646
 928.614      88383.9      15.0011 1.61009e-005   0.00954257  0.000617863
 935.829      85370.4      13.7335 1.21626e-005   0.00945379  0.000643532
 943.171      82406.1      12.5561 8.92719e-006   0.00936202  0.000670769
 950.643      79491.6      11.4637 6.29225e-006    0.0092672    0.0006997
 958.251      76626.9      10.4515 4.17023e-006   0.00916926  0.000730462
     966      73812.5       9.5145 2.48034e-006   0.00906811  0.000763209
 973.895      71048.7      8.64831 1.15484e-006    0.0089637  0.000798108
 981.943      68211.1      7.84496 1.12457e-007   0.00885192  0.000835346
 990.156      65045.9      7.09374 -7.29924e-007   0.00872345  0.000875167
 998.566      61950.8      6.40116 -1.33971e-006   0.00859034  0.000917936
 1007.18      59265.7      5.78171 -1.67009e-006   0.00848209  0.000963953
    1016      56704.8      5.21495 -1.86311e-006   0.00837637   0.00101341
    1025      54199.4      4.69412 -1.96276e-006   0.00826727   0.00106662
 1034.22      51749.7       4.2163   -1.99e-006    0.0081547   0.00112395
 1043.65      49355.9       3.7787 -1.9609e-006   0.00803859   0.00118584
  1053.3      47018.3      3.37864 -1.89047e-006   0.00791884   0.00125276
 1063.19      44736.9       3.0136 -1.78977e-006   0.00779537   0.00132526
 1073.34      42512.1      2.68117 -1.66858e-006    0.0076681   0.00140395
 1083.74      40343.9      2.37906 -1.53529e-006   0.00753695   0.00148954
 1094.42      38232.5      2.10509 -1.39535e-006   0.00740183   0.00158283
 1105.39      36178.1       1.8572 -1.25472e-006   0.00726268   0.00168475
 1116.67      34180.8      1.63345 -1.11677e-006   0.00711942   0.00179635
 1128.27      32240.9      1.43198 -9.84175e-007   0.00697199   0.00191887
 1140.22      30358.3      1.25105 -8.59261e-007   0.00682031   0.00205373
 1152.53      28533.1      1.08902 -7.43428e-007   0.00666435   0.00220258
 1165.23      26765.6     0.944345 -6.37316e-007   0.00650404   0.00236736
 1178.34      25055.8     0.815556 -5.41448e-007   0.00633936   0.00255036
 1191.89      23403.8     0.701288 -4.55824e-007   0.00617027   0.00275426
 1205.91      21737.4     0.601108 -3.79339e-007   0.00601688   0.00298225
 1220.46        20038     0.513539 -3.1176e-007   0.00588697    0.0032386
 1235.61      18407.9      0.43606 -2.53844e-007   0.00575196   0.00352879
 1251.42        16847     0.367835 -2.04484e-007   0.00561158   0.00385897
 1267.95      15355.6     0.308067 -1.62865e-007   0.00546552   0.00423674
 1285.26      13933.8     0.256002 -1.28086e-007   0.00531347   0.00467156
 1303.43      12581.6     0.210924 -9.94187e-008   0.00515507   0.00517537
 1322.55      11299.2     0.172159 -7.59901e-008   0.00498995   0.00576333
 1342.73      10086.7     0.139068 -5.72763e-008   0.00481771   0.00645498
 1364.09      8944.05     0.111051 -4.2317e-008    0.0046379   0.00727582
 1386.77      7871.34    0.0875467 -3.07336e-008   0.00445004   0.00825959
 1410.95      6795.61    0.0682132 -2.17988e-008   0.00430323   0.00945164
 1436.97      5713.55    0.0523783 -1.49739e-008   0.00420744    0.0109225
 1465.35      4717.57    0.0393023 -1.00117e-008   0.00409722    0.0127812
 1496.58      3808.51    0.0286845 -6.40284e-009   0.00396869    0.0151829
 1531.34      2987.31    0.0202349 -3.89991e-009   0.00381633    0.0183716
 1570.58      2255.08    0.0136755 -2.24099e-009   0.00363185    0.0227522
 1615.75      1611.56   0.00879138 -1.18598e-009   0.00352843    0.0290432
 1669.19      1057.51   0.00530137 -5.52973e-010   0.00364924    0.0386468
 1735.15       598.51   0.00285317 -2.25555e-010   0.00370631    0.0547006
 1822.83      266.639   0.00127567 -6.91216e-011   0.00377836    0.0859019
 1954.19      102.325   0.00041751 -1.27329e-011   0.00482074     0.164343
 2166.25      32.8797 8.67362e-005 -4.54747e-013    0.0079288     0.426726
 2416.25      12.2151 2.09148e-005            0    0.0123167      1.06958
 2666.25      7.18277 8.49511e-006 1.13687e-013    0.0160658      2.03089
 2916.25       5.9896 5.34621e-006 1.13687e-013    0.0183082       2.9736
 3166.25      5.78595 4.34963e-006 1.13687e-013     0.018975      3.64735
 3416.25      6.03171 4.04349e-006 1.13687e-013    0.0187552      4.06484
 3666.25      6.51789 4.00475e-006 1.13687e-013    0.0180995       4.3262
 3916.25      7.15792 4.08454e-006 1.13687e-013    0.0172405      4.50772
 4166.25      7.91523 4.22383e-006 -1.13687e-013    0.0162909      4.65117
 4416.25      8.77561 4.39784e-006            0    0.0153056      4.77698
 4666.25       9.7355  4.5962e-006 1.13687e-013    0.0143136      4.89469
 4916.25      10.7968 4.81494e-006            0    0.0133314       5.0087
 5166.25      11.9641 5.05302e-006            0    0.0123698      5.12102
 5416.25      13.2439 5.31081e-006 1.13687e-013    0.0114367      5.23258
 5666.25      14.6435 5.58928e-006 -3.41061e-013     0.010538      5.34379
 5916.25       16.171 5.88976e-006 -2.27374e-013   0.00967865      5.45485
 6166.25      17.8351 6.21368e-006            0   0.00886211      5.56583
 6416.25      19.6451 6.56259e-006 1.13687e-013   0.00809101      5.67678
 6666.25      21.6105 6.93805e-006 2.27374e-013   0.00736701      5.78771
 6916.25      23.7416 7.34164e-006            0   0.00669093      5.89864
 7166.25       26.049 7.77497e-006 -2.27374e-013   0.00606281      6.00956
 7416.25       28.544 8.23965e-006            0   0.00548201      6.12048
 7666.25      31.2381 8.73731e-006 2.27374e-013   0.00494735       6.2314
 7916.25      34.1436 9.26959e-006            0   0.00445718      6.34233
 8166.25      37.2732 9.83813e-006 -2.27374e-013    0.0040095      6.45325
 8416.25      40.6402 1.04446e-005            0   0.00360205      6.56417
 8666.25      44.2584 1.10907e-005 2.27374e-013    0.0032324      6.67509
 8916.25      48.1424 1.17781e-005            0   0.00289803      6.78601
 9166.25      52.3072 1.25085e-005 2.27374e-013   0.00259637      6.89693
 9416.25      56.7685 1.32838e-005            0    0.0023249      7.00785
 9666.25      61.5425 1.41056e-005 -2.27374e-013   0.00208113      7.11878
 9916.25      66.6464 1.49758e-005            0   0.00186268       7.2297
 10166.2      72.0977 1.58963e-005 2.27374e-013   0.00166728      7.34062
